   1   11    0 0.2067909 -0.4194596 8.6095085 8.6222000 0.0000000 0.0000000 0.0000000
   1 2212    0 0.0203953 0.1842488 2.7113812 2.8751276 0.0000000 0.0000000 0.0000000
   1 -211    0 -0.2351595 0.1748668 -0.3016727 0.4431398 0.0000000 0.0000000 0.0000000
   2   11    0 0.0051448 0.3450170 8.8529119 8.8596344 0.0000000 0.0000000 0.0000000
   2 2112    0 0.3218041 0.3860372 0.9518482 1.4287916 0.0000000 0.0000000 0.0000000
   2 -211  223 -0.0672342 0.0580481 0.0772332 0.1826010 0.0000000 0.0000000 0.0000000
   2  211  223 0.0079061 -0.1894621 0.5031269 0.5555027 0.0000000 0.0000000 0.0000000
   2   22  223 -0.2217651 -0.4436074 0.5959420 0.7753155 0.0000000 0.0000000 0.0000000
   2   22  223 -0.0781737 -0.0949453 0.0674001 0.1402444 0.0000000 0.0000000 0.0000000
   3   11    0 -0.2375595 0.3410642 8.4841433 8.4943190 0.0000000 0.0000000 0.0000000
   3   22  111 0.5733386 -0.3878448 0.2558336 0.7379647 0.0000000 0.0000000 0.0000000
   3   22  111 0.0912958 -0.0368139 0.0913493 0.1342940 0.0000000 0.0000000 0.0000000
   3 2212 2114 -0.0756401 0.1155395 1.7439796 1.9851807 0.0000000 0.0000000 0.0000000
   3 -211 2114 -0.3457254 0.0368042 0.4552197 0.5895708 0.0000000 0.0000000 0.0000000
   4   11    0 0.6524406 0.7924509 5.5635133 5.6574144 0.0000000 0.0000000 0.0000000
   4   22  111 -0.3313722 -0.0728461 1.6547744 1.6891987 0.0000000 0.0000000 0.0000000
   4   22  111 -0.1671139 -0.0718095 0.5261653 0.5567169 0.0000000 0.0000000 0.0000000
   4 -211 3214 -0.0080573 0.0659461 0.1318132 0.2031667 0.0000000 0.0000000 0.0000000
   4  211  323 0.1193476 -0.0132315 0.2993773 0.3514738 0.0000000 0.0000000 0.0000000
   4 2112 3214 0.2839237 -0.4701427 1.6043323 1.9386535 0.0000000 0.0000000 0.0000000
   4  211 3214 -0.1230746 -0.0390550 0.5220569 0.5556116 0.0000000 0.0000000 0.0000000
   4 -211  311 -0.3067852 0.0322929 0.5518950 0.6474846 0.0000000 0.0000000 0.0000000
   4  211  311 -0.1045780 -0.2396637 0.1645212 0.3390143 0.0000000 0.0000000 0.0000000
   5   11    0 0.2112700 -0.3791912 9.2776175 9.2877665 0.0000000 0.0000000 0.0000000
   5 -211 -213 -0.1545547 -0.2578012 0.4210040 0.5357994 0.0000000 0.0000000 0.0000000
   5 2212 2224 -0.1488116 0.3064235 0.6537189 1.1932291 0.0000000 0.0000000 0.0000000
   5  211 2224 0.1477482 -0.0409358 0.4144534 0.4634276 0.0000000 0.0000000 0.0000000
   5   22 -213 0.0175936 0.2642237 0.2044608 0.3345563 0.0000000 0.0000000 0.0000000
   5   22 -213 0.0088516 0.1274809 -0.0009696 0.1277915 0.0000000 0.0000000 0.0000000
   6   11    0 0.6522968 -0.3056594 7.9777565 8.0102129 0.0000000 0.0000000 0.0000000
   6 -211 -213 -0.5880977 0.5413648 0.5471312 0.9786600 0.0000000 0.0000000 0.0000000
   6 2212 2214 0.0070289 0.0124503 2.0805945 2.2824297 0.0000000 0.0000000 0.0000000
   6   22 -213 -0.0264213 0.0310791 -0.0045841 0.0410488 0.0000000 0.0000000 0.0000000
   6   22 -213 -0.0222851 -0.1332500 -0.0334824 0.1391878 0.0000000 0.0000000 0.0000000
   6   22 2214 -0.0590505 -0.2280887 0.3637775 0.4334115 0.0000000 0.0000000 0.0000000
   6   22 2214 -0.0171328 0.0179108 0.0515851 0.0572307 0.0000000 0.0000000 0.0000000
   7   11    0 -0.2812437 0.4016522 2.4837563 2.5316927 0.0000000 0.0000000 0.0000000
   7  211   92 0.3750084 -0.1850527 1.4006501 1.4683954 0.0000000 0.0000000 0.0000000
   7 2112 1114 -0.3432486 -0.5850232 0.4911648 1.2586356 0.0000000 0.0000000 0.0000000
   7 -211 1114 0.0058559 0.0004847 0.3903224 0.4145772 0.0000000 0.0000000 0.0000000
   7 -211  223 0.1612943 0.2096374 1.3455893 1.3784275 0.0000000 0.0000000 0.0000000
   7  211  223 0.1092103 0.3136292 3.7343819 3.7517178 0.0000000 0.0000000 0.0000000
   7   22  223 0.0686209 -0.0167020 0.3109294 0.3188493 0.0000000 0.0000000 0.0000000
   7   22  223 -0.0189296 -0.1357593 0.8082369 0.8197779 0.0000000 0.0000000 0.0000000
   8   11    0 -0.5569401 -0.4652072 7.2702899 7.3064160 0.0000000 0.0000000 0.0000000
   8 2112 2214 0.3823461 0.7492393 3.0453882 3.2961774 0.0000000 0.0000000 0.0000000
   8  211 2214 -0.0241429 0.3062758 0.3901001 0.5158042 0.0000000 0.0000000 0.0000000
   8 -211 -213 0.1232263 -0.6282770 0.1820368 0.6801047 0.0000000 0.0000000 0.0000000
   8   22 -213 0.0434259 -0.0212149 0.0397978 0.0626078 0.0000000 0.0000000 0.0000000
   8   22 -213 -0.0213149 0.0752671 -0.0323931 0.0846687 0.0000000 0.0000000 0.0000000
   9   11    0 -0.9465492 0.3495791 2.7886498 2.9655907 0.0000000 0.0000000 0.0000000
   9  211   92 -0.1581740 -0.0313912 0.8747909 0.9004175 0.0000000 0.0000000 0.0000000
   9  211   92 0.2334981 -0.3983481 1.8316233 1.8940789 0.0000000 0.0000000 0.0000000
   9  211  113 0.2050696 0.2658859 0.2034464 0.4166862 0.0000000 0.0000000 0.0000000
   9 -211  113 -0.3282833 -0.3171162 0.4008877 0.6233231 0.0000000 0.0000000 0.0000000
   9 2112 1114 0.4652795 -0.0092010 2.6003001 2.8037436 0.0000000 0.0000000 0.0000000
   9 -211 1114 0.5219311 0.1259276 2.2682955 2.3351495 0.0000000 0.0000000 0.0000000
  10   11    0 -0.0922220 0.2665908 8.4795828 8.4842739 0.0000000 0.0000000 0.0000000
  10 2212    0 0.4720902 0.5160077 1.2880555 1.7402952 0.0000000 0.0000000 0.0000000
  10 -211 -213 -0.5837930 -0.3963862 0.7336145 1.0274311 0.0000000 0.0000000 0.0000000
  10   22 -213 0.0729039 -0.2166005 0.3162062 0.3901501 0.0000000 0.0000000 0.0000000
  10   22 -213 0.1612566 -0.1622629 0.1889225 0.2966895 0.0000000 0.0000000 0.0000000
  11   11    0 -0.3653560 -0.2512380 5.5297518 5.5475001 0.0000000 0.0000000 0.0000000
  11  211   92 -0.2181800 0.3064597 0.2006854 0.4486455 0.0000000 0.0000000 0.0000000
  11 2112   92 0.1074901 0.0342841 0.9332025 1.3290765 0.0000000 0.0000000 0.0000000
  11   22  111 0.0249440 0.0273431 0.4036539 0.4053472 0.0000000 0.0000000 0.0000000
  11   22  111 0.3804197 -0.1163074 3.1866794 3.2114129 0.0000000 0.0000000 0.0000000
  11 -211 -213 -0.2015356 -0.1925374 0.5932047 0.6701247 0.0000000 0.0000000 0.0000000
  11   22 -213 0.1095641 0.1584790 0.0086586 0.1928597 0.0000000 0.0000000 0.0000000
  11   22 -213 0.0573968 0.0678626 0.1088236 0.1405073 0.0000000 0.0000000 0.0000000
  12   11    0 -0.2478764 -0.2460587 6.1920285 6.2018714 0.0000000 0.0000000 0.0000000
  12 2212    0 0.0400037 0.2011217 0.8840587 1.3053800 0.0000000 0.0000000 0.0000000
  12 -211   92 -0.2374455 0.0277459 -0.1557186 0.3176266 0.0000000 0.0000000 0.0000000
  12   22  111 0.2392206 0.0769114 2.3360112 2.3494871 0.0000000 0.0000000 0.0000000
  12   22  111 0.1558225 -0.0555877 1.8084196 1.8159714 0.0000000 0.0000000 0.0000000
  13   11    0 -0.3594602 -0.0806724 9.1112747 9.1187191 0.0000000 0.0000000 0.0000000
  13 2212    0 0.2253496 0.2395775 1.9954472 2.2294385 0.0000000 0.0000000 0.0000000
  13   22  221 0.0146531 -0.0384007 -0.0176856 0.0447449 0.0000000 0.0000000 0.0000000
  13   22  221 0.0281044 0.1130553 -0.1068091 0.1580489 0.0000000 0.0000000 0.0000000
  13   22  221 0.0691858 -0.1117158 0.0347700 0.1359266 0.0000000 0.0000000 0.0000000
  13   22  221 -0.0542059 -0.0202913 0.0106542 0.0588518 0.0000000 0.0000000 0.0000000
  13   22  221 0.0157224 0.0008313 -0.0444068 0.0471153 0.0000000 0.0000000 0.0000000
  13   22  221 0.0634908 -0.1128544 0.0695981 0.1470071 0.0000000 0.0000000 0.0000000
  14   11    0 0.2849090 0.2588069 7.1024933 7.1129150 0.0000000 0.0000000 0.0000000
  14 -211  221 -0.4978059 -0.3618055 1.6425318 1.7595774 0.0000000 0.0000000 0.0000000
  14  211  221 -0.2034093 -0.1168055 0.7002377 0.7515583 0.0000000 0.0000000 0.0000000
  14 2112 2114 0.3316453 0.0588343 0.8111442 1.2861778 0.0000000 0.0000000 0.0000000
  14   22  221 0.0265114 -0.0166399 0.0598658 0.0675548 0.0000000 0.0000000 0.0000000
  14   22  221 -0.1236907 -0.0024314 0.6634347 0.6748710 0.0000000 0.0000000 0.0000000
  14   22 2114 -0.0022462 -0.0124010 0.0283093 0.0309878 0.0000000 0.0000000 0.0000000
  14   22 2114 0.1897351 0.1663266 0.0469554 0.2566490 0.0000000 0.0000000 0.0000000
  15   11    0 0.7949606 0.8934050 6.4279547 6.5382514 0.0000000 0.0000000 0.0000000
  15  321  313 0.2139679 -0.1238500 0.4831952 0.7336482 0.0000000 0.0000000 0.0000000
  15 -211  313 -0.1898399 0.3061167 0.9829907 1.0561750 0.0000000 0.0000000 0.0000000
  15   22 3212 -0.1038758 -0.1685295 0.3101255 0.3679270 0.0000000 0.0000000 0.0000000
  15 2112 3212 -0.5890334 -0.8274592 2.1905887 2.5909798 0.0000000 0.0000000 0.0000000
  15   22 3122 -0.0583080 -0.1724429 0.5823156 0.6101047 0.0000000 0.0000000 0.0000000
  15   22 3122 -0.0204007 0.0193874 0.0355790 0.0453644 0.0000000 0.0000000 0.0000000
  16   11    0 -0.2933379 -0.0915034 8.3211050 8.3267765 0.0000000 0.0000000 0.0000000
  16  211    0 -0.7879403 -0.0136199 0.6154646 1.0096140 0.0000000 0.0000000 0.0000000
  16 2112 1114 0.7717143 -0.0375807 1.6859286 2.0789802 0.0000000 0.0000000 0.0000000
  16 -211 1114 0.2983138 0.1412593 0.3809262 0.5230088 0.0000000 0.0000000 0.0000000
  17   11    0 0.0957890 0.4002690 4.6925035 4.7105179 0.0000000 0.0000000 0.0000000
  17  211  113 -0.0262552 0.0661291 3.6315322 3.6349108 0.0000000 0.0000000 0.0000000
  17 -211  113 -0.3192985 -0.0606171 0.6283525 0.7210693 0.0000000 0.0000000 0.0000000
  17 2112 2114 -0.2116738 -0.1220909 1.9621371 2.1891875 0.0000000 0.0000000 0.0000000
  17   22  111 0.2258267 -0.0125846 -0.0462050 0.2308480 0.0000000 0.0000000 0.0000000
  17   22  111 0.1105513 -0.1104674 -0.0188635 0.1574181 0.0000000 0.0000000 0.0000000
  17   22 2114 -0.0068205 -0.0835183 0.0182770 0.0857665 0.0000000 0.0000000 0.0000000
  17   22 2114 0.1466002 -0.0917724 0.1172204 0.2089365 0.0000000 0.0000000 0.0000000
  18   11    0 0.3911828 0.3615288 6.6021924 6.6236448 0.0000000 0.0000000 0.0000000
  18 -211  223 0.0643072 0.0608487 0.0682065 0.1788248 0.0000000 0.0000000 0.0000000
  18  211  223 -0.1629470 -0.3119487 1.5820761 1.6267503 0.0000000 0.0000000 0.0000000
  18 2112 1114 -0.1234843 -0.0872732 0.5802796 1.1146468 0.0000000 0.0000000 0.0000000
  18 -211 1114 0.0797294 -0.0838424 0.4146291 0.4525392 0.0000000 0.0000000 0.0000000
  18  211  213 -0.0085124 0.3616975 0.6201199 0.7313921 0.0000000 0.0000000 0.0000000
  18   22  223 -0.0512040 -0.0439395 0.0426215 0.0798068 0.0000000 0.0000000 0.0000000
  18   22  223 0.0621106 -0.0962186 0.2107599 0.2398656 0.0000000 0.0000000 0.0000000
  18   22  213 -0.1047050 -0.0260709 0.4064713 0.4205494 0.0000000 0.0000000 0.0000000
  18   22  213 -0.1440147 -0.1646809 0.4185984 0.4723184 0.0000000 0.0000000 0.0000000
  19   11    0 -0.2583467 -0.3098310 7.4348812 7.4458175 0.0000000 0.0000000 0.0000000
  19  211  113 -0.0750684 -0.2208376 1.1805849 1.2114757 0.0000000 0.0000000 0.0000000
  19 -211  113 -0.4379271 -0.3461222 0.3939540 0.6973296 0.0000000 0.0000000 0.0000000
  19 2112 2114 0.8010653 0.8201990 1.5424690 2.1392734 0.0000000 0.0000000 0.0000000
  19   22 2114 0.0016160 -0.0046340 0.4468983 0.4469253 0.0000000 0.0000000 0.0000000
  20   11    0 -0.3013291 0.1694730 8.8516045 8.8583527 0.0000000 0.0000000 0.0000000
  20 2112    0 0.5343179 0.6403282 1.5535858 1.9979970 0.0000000 0.0000000 0.0000000
  20  211    0 -0.2604631 -0.8437583 0.6114601 1.0831162 0.0000000 0.0000000 0.0000000
  21   11    0 -0.3529004 -0.0572790 8.7857914 8.7930622 0.0000000 0.0000000 0.0000000
  21 2112    0 0.5959718 -0.3902418 1.2603230 1.7259008 0.0000000 0.0000000 0.0000000
  21  211  113 -0.1841613 0.3942503 0.0026929 0.4569948 0.0000000 0.0000000 0.0000000
  21 -211  113 -0.0819699 0.0177284 0.9494377 0.9633034 0.0000000 0.0000000 0.0000000
  22   11    0 -0.0101272 0.2960870 7.8640833 7.8696618 0.0000000 0.0000000 0.0000000
  22  211   92 0.2584330 0.0352446 1.5355310 1.5637690 0.0000000 0.0000000 0.0000000
  22 2112   92 -0.1125438 -0.1101671 0.3379712 1.0108786 0.0000000 0.0000000 0.0000000
  22  211  223 -0.0402396 -0.1298385 0.1563889 0.2498458 0.0000000 0.0000000 0.0000000
  22 -211  223 -0.2867313 -0.0787789 0.7205700 0.7919156 0.0000000 0.0000000 0.0000000
  22   22  223 -0.0142778 -0.0165174 0.0559746 0.0600819 0.0000000 0.0000000 0.0000000
  22   22  223 0.2351393 -0.0152691 0.3144463 0.3929378 0.0000000 0.0000000 0.0000000
  23   11    0 -0.1979655 -0.2805525 6.9354730 6.9439673 0.0000000 0.0000000 0.0000000
  23 2112   92 -0.1985349 -0.4683669 0.7805299 1.3232000 0.0000000 0.0000000 0.0000000
  23 -211  223 0.0331942 0.1014991 1.0930071 1.1070486 0.0000000 0.0000000 0.0000000
  23  211  223 0.1774501 0.0457610 0.1649524 0.2833374 0.0000000 0.0000000 0.0000000
  23   22  221 0.0486978 0.0973850 0.4271126 0.4407726 0.0000000 0.0000000 0.0000000
  23   22  221 -0.0576742 0.0289945 0.1123326 0.1295593 0.0000000 0.0000000 0.0000000
  23   22  221 -0.0307666 0.0761043 0.0441960 0.0932295 0.0000000 0.0000000 0.0000000
  23   22  221 0.0552569 -0.0272953 0.0584258 0.0849231 0.0000000 0.0000000 0.0000000
  23   22  221 0.0396771 0.1093818 0.3796865 0.3971153 0.0000000 0.0000000 0.0000000
  23   22  221 -0.0153094 -0.0062516 0.4417066 0.4420160 0.0000000 0.0000000 0.0000000
  23   22  223 -0.0009562 0.0662686 0.0476603 0.0816330 0.0000000 0.0000000 0.0000000
  23   22  223 0.1967407 0.2404207 0.5285296 0.6130682 0.0000000 0.0000000 0.0000000
  24   11    0 -0.2050930 0.2795402 8.0851355 8.0925655 0.0000000 0.0000000 0.0000000
  24 -211  223 0.0428992 -0.0012996 0.0166349 0.1469930 0.0000000 0.0000000 0.0000000
  24  211  223 -0.2300321 -0.3568401 0.6368163 0.7779928 0.0000000 0.0000000 0.0000000
  24 2112 2214 0.5555714 0.2150291 1.9686853 2.2612977 0.0000000 0.0000000 0.0000000
  24  211 2214 0.0870236 -0.0934956 0.0984389 0.2132906 0.0000000 0.0000000 0.0000000
  24   22  223 -0.1925187 -0.0173605 0.2116284 0.2866207 0.0000000 0.0000000 0.0000000
  24   22  223 -0.0599093 0.0747962 0.1524213 0.1800440 0.0000000 0.0000000 0.0000000
  25   11    0 -0.2538757 0.4398369 5.5105739 5.5339255 0.0000000 0.0000000 0.0000000
  25 2212    0 -0.0228117 -0.3122663 1.1703935 1.5324028 0.0000000 0.0000000 0.0000000
  25  211   92 0.5701655 0.3420418 0.3508375 0.7646279 0.0000000 0.0000000 0.0000000
  25 -211   92 -0.2800794 -0.5197225 4.1294150 4.1737409 0.0000000 0.0000000 0.0000000
  26   11    0 0.4192257 0.1793995 7.6589713 7.6725340 0.0000000 0.0000000 0.0000000
  26 2212    0 0.2329758 0.2813348 0.1737653 1.0217769 0.0000000 0.0000000 0.0000000
  26   22  111 -0.5761714 -0.4698927 2.9923475 3.0833287 0.0000000 0.0000000 0.0000000
  26   22  111 -0.0150693 0.0018385 0.1620480 0.1627575 0.0000000 0.0000000 0.0000000
  27   11    0 -0.1771175 -0.2907397 6.9932680 7.0015497 0.0000000 0.0000000 0.0000000
  27   22  111 -0.1986394 0.0065708 1.0633138 1.0817289 0.0000000 0.0000000 0.0000000
  27   22  111 -0.0742061 0.0973773 0.5827560 0.5954776 0.0000000 0.0000000 0.0000000
  27 2212 2214 0.0266077 -0.1147108 0.2096141 0.9686131 0.0000000 0.0000000 0.0000000
  27   22  111 0.0392892 -0.0255047 0.3702266 0.3731781 0.0000000 0.0000000 0.0000000
  27   22  111 0.2749335 0.1482558 1.5661603 1.5970055 0.0000000 0.0000000 0.0000000
  27   22 2214 0.0729621 0.0385665 0.1105959 0.1379938 0.0000000 0.0000000 0.0000000
  27   22 2214 0.0704360 0.1657262 0.0449118 0.1855895 0.0000000 0.0000000 0.0000000
  28   11    0 -0.2440024 -0.2211400 3.3565900 3.3727047 0.0000000 0.0000000 0.0000000
  28   22  111 0.1137601 0.1307497 0.8206149 0.8387166 0.0000000 0.0000000 0.0000000
  28   22  111 0.1470817 0.2075154 2.2677901 2.2820096 0.0000000 0.0000000 0.0000000
  28  211  223 -0.0993296 0.0061541 0.3905992 0.4265679 0.0000000 0.0000000 0.0000000
  28 -211  223 0.0641166 0.0960620 0.1530017 0.2371424 0.0000000 0.0000000 0.0000000
  28 2212 2214 -0.2939784 0.0695741 2.4578359 2.6481366 0.0000000 0.0000000 0.0000000
  28 -211 -213 -0.0666455 0.2772792 0.6021070 0.6806955 0.0000000 0.0000000 0.0000000
  28   22  223 -0.0491830 -0.1463122 0.0282593 0.1569230 0.0000000 0.0000000 0.0000000
  28   22  223 -0.1359296 -0.1683682 0.1980136 0.2933156 0.0000000 0.0000000 0.0000000
  28   22 2214 0.1875007 -0.0517225 0.1581065 0.2506579 0.0000000 0.0000000 0.0000000
  28   22 2214 0.0040393 -0.0684743 0.0469905 0.0831453 0.0000000 0.0000000 0.0000000
  28   22 -213 0.2784434 -0.0813942 0.3868998 0.4835775 0.0000000 0.0000000 0.0000000
  29   11 -213 0.0147487 -0.0253589 0.0370126 0.0472313 0.0000000 0.0000000 0.0000000
  29  -11 -213 0.0381335 -0.0693100 0.1150697 0.1396401 0.0000000 0.0000000 0.0000000
  30   11    0 0.4320563 0.1537425 8.1507998 8.1636915 0.0000000 0.0000000 0.0000000
  30 2212    0 0.4703488 -0.2495619 2.0378282 2.3057883 0.0000000 0.0000000 0.0000000
  30  211  331 -0.1089878 -0.0135882 0.2713795 0.3243424 0.0000000 0.0000000 0.0000000
  30 -211  331 -0.1054978 -0.0470447 0.2190913 0.2843100 0.0000000 0.0000000 0.0000000
  30   22  331 -0.6919301 -0.0199690 0.2193807 0.7261499 0.0000000 0.0000000 0.0000000
  30   22  331 0.0820014 0.1023758 0.0528576 0.1414177 0.0000000 0.0000000 0.0000000
  31   11    0 0.0652301 -0.3895256 8.8273659 8.8361959 0.0000000 0.0000000 0.0000000
  31 2112    0 -0.1406557 -0.6979802 1.0144613 1.5552943 0.0000000 0.0000000 0.0000000
  31  211  213 -0.0138332 0.3160652 0.7658629 0.8403111 0.0000000 0.0000000 0.0000000
  31   22  213 0.1544769 0.2957707 0.0192528 0.3342366 0.0000000 0.0000000 0.0000000
  31   22  213 0.2009031 0.3473420 0.1744301 0.4375321 0.0000000 0.0000000 0.0000000
  32   11    0 0.4894692 0.2176224 8.2340546 8.2514601 0.0000000 0.0000000 0.0000000
  32 2112    0 0.2437969 -0.4967697 0.9154421 1.4237624 0.0000000 0.0000000 0.0000000
  32 -211  223 -0.1122519 -0.0119296 0.1078765 0.2094476 0.0000000 0.0000000 0.0000000
  32  211  223 -0.2750820 0.3111140 1.1934676 1.2713438 0.0000000 0.0000000 0.0000000
  32   22  223 -0.1302004 0.0207312 0.3002492 0.3279200 0.0000000 0.0000000 0.0000000
  32   22  223 -0.2520823 -0.1081087 0.3769069 0.4661457 0.0000000 0.0000000 0.0000000
  33   11    0 -0.3986381 -0.3048390 6.6980877 6.7168608 0.0000000 0.0000000 0.0000000
  33  211   92 -0.0401201 -0.5716839 2.9616816 3.0198472 0.0000000 0.0000000 0.0000000
  33 2112   92 0.6794114 0.8360996 1.0765064 1.7895185 0.0000000 0.0000000 0.0000000
  33 -211   92 -0.1863440 -0.0499006 0.3480826 0.4217390 0.0000000 0.0000000 0.0000000
  34   11    0 0.3590285 -0.1873720 8.7462759 8.7556467 0.0000000 0.0000000 0.0000000
  34 2212    0 -0.7595208 -0.5224073 0.8544893 1.5685470 0.0000000 0.0000000 0.0000000
  34   22  111 0.0066425 0.0124334 0.0017068 0.0141995 0.0000000 0.0000000 0.0000000
  34   22  111 0.3880431 0.6966203 1.3871183 1.5999858 0.0000000 0.0000000 0.0000000
  35   11    0 -0.3959920 0.0582899 6.6851907 6.6971622 0.0000000 0.0000000 0.0000000
  35 -211   92 -0.0830183 0.3448673 -0.0147894 0.3814868 0.0000000 0.0000000 0.0000000
  35  211   92 0.5346699 0.0566013 2.5764289 2.6356308 0.0000000 0.0000000 0.0000000
  35 2212 2114 -0.1758666 -0.2204017 0.9607750 1.3722249 0.0000000 0.0000000 0.0000000
  35 -211 2114 0.1117102 -0.2014370 0.8090999 0.8527525 0.0000000 0.0000000 0.0000000
  36   11    0 0.3031494 -0.0788208 7.5173688 7.5238914 0.0000000 0.0000000 0.0000000
  36 2112    0 -1.1448375 -0.4881231 2.8691399 3.2655365 0.0000000 0.0000000 0.0000000
  36   22  111 0.5803178 0.3450150 0.4220940 0.7962205 0.0000000 0.0000000 0.0000000
  36   22  111 0.1934869 0.2124303 0.2090201 0.3553213 0.0000000 0.0000000 0.0000000
  37   11    0 0.1977684 -0.4071735 9.0372143 9.0485439 0.0000000 0.0000000 0.0000000
  37 2212 2224 -0.0657498 0.3973377 1.2317978 1.5999792 0.0000000 0.0000000 0.0000000
  37  211 2224 0.1704635 -0.1033878 0.1564450 0.2893268 0.0000000 0.0000000 0.0000000
  37 -211 -213 0.0388101 0.3950113 0.5163704 0.6660830 0.0000000 0.0000000 0.0000000
  37   22 -213 0.0189350 -0.1541692 -0.0060067 0.1554439 0.0000000 0.0000000 0.0000000
  37  -11 -213 -0.1137513 -0.1541978 0.0174547 0.1924091 0.0000000 0.0000000 0.0000000
  38   11 -213 -0.0101299 -0.0146361 0.0004527 0.0178128 0.0000000 0.0000000 0.0000000
  39   11    0 0.3447361 -0.2313525 4.2791829 4.2992759 0.0000000 0.0000000 0.0000000
  39 2212    0 0.0327285 0.1577710 1.5940270 1.8566885 0.0000000 0.0000000 0.0000000
  39 -211 -213 0.2023004 0.1252291 0.4620890 0.5381656 0.0000000 0.0000000 0.0000000
  39  211  113 0.1147443 -0.1469904 -0.0104501 0.2331734 0.0000000 0.0000000 0.0000000
  39 -211  113 -0.0036560 0.3059972 0.5124652 0.6129897 0.0000000 0.0000000 0.0000000
  39   22  111 -0.2330686 -0.2428294 3.8772235 3.8918052 0.0000000 0.0000000 0.0000000
  39   22  111 -0.0198010 -0.0041855 0.0554024 0.0589833 0.0000000 0.0000000 0.0000000
  39   22 -213 -0.0952920 0.0679858 0.0373345 0.1228678 0.0000000 0.0000000 0.0000000
  39   22 -213 -0.2977701 -0.0089687 0.2080426 0.3633583 0.0000000 0.0000000 0.0000000
  40   11    0 0.1909088 -0.3882218 5.3535128 5.3709645 0.0000000 0.0000000 0.0000000
  40 2112   92 -0.4147708 0.4348077 3.8218315 3.9812481 0.0000000 0.0000000 0.0000000
  40 -211  113 0.4722354 -0.0633509 0.5827426 0.7655696 0.0000000 0.0000000 0.0000000
  40  211  113 -0.4362802 0.0598950 0.0251150 0.4626522 0.0000000 0.0000000 0.0000000
  40   22  221 0.1542764 -0.1519791 0.1137272 0.2446073 0.0000000 0.0000000 0.0000000
  40   22  221 0.0609347 0.0850169 1.1090629 1.1139845 0.0000000 0.0000000 0.0000000
  41   11    0 0.3444804 -0.1332151 4.6979804 4.7124763 0.0000000 0.0000000 0.0000000
  41 2212    0 -0.3363717 -0.1236686 0.6641181 1.2041180 0.0000000 0.0000000 0.0000000
  41 -211   92 0.2613751 0.0889658 1.5962507 1.6259570 0.0000000 0.0000000 0.0000000
  41   22  111 0.0057291 -0.2950837 0.9787158 1.0222484 0.0000000 0.0000000 0.0000000
  41   22  111 -0.0345232 -0.1828753 1.0656559 1.0817846 0.0000000 0.0000000 0.0000000
  41 -211  223 -0.4198652 0.4499246 0.9014261 1.1003528 0.0000000 0.0000000 0.0000000
  41  211  223 0.0622914 0.0662850 0.7131559 0.7323614 0.0000000 0.0000000 0.0000000
  41   22  223 -0.0192556 0.1425289 0.1843309 0.2338015 0.0000000 0.0000000 0.0000000
  41   22  223 0.0840154 0.0862077 0.2844468 0.3088695 0.0000000 0.0000000 0.0000000
  42   11    0 -0.1790953 -0.2709804 4.8838382 4.8946280 0.0000000 0.0000000 0.0000000
  42 2112    0 0.2427354 0.1397749 0.7418414 1.2294854 0.0000000 0.0000000 0.0000000
  42 2212   92 -0.1899043 -0.1674343 1.7690361 2.0184135 0.0000000 0.0000000 0.0000000
  42 -2212   92 0.1354352 0.2761210 3.7393982 3.8675692 0.0000000 0.0000000 0.0000000
  43   11    0 -0.5903012 -1.0297731 8.1950712 8.2805843 0.0000000 0.0000000 0.0000000
  43 2112    0 0.2084503 0.3858494 2.7030900 2.8951466 0.0000000 0.0000000 0.0000000
  43  211    0 0.3850890 0.6320564 0.1211134 0.7628533 0.0000000 0.0000000 0.0000000
  44   11    0 -0.1844394 -0.2322234 9.0615015 9.0663528 0.0000000 0.0000000 0.0000000
  44 -211    0 -0.1929805 -0.2632318 1.3928920 1.4374174 0.0000000 0.0000000 0.0000000
  44 2212 2214 0.2839340 0.5188009 0.4650211 1.2026740 0.0000000 0.0000000 0.0000000
  44   22 2214 0.0469343 -0.0694558 0.0640567 0.1054997 0.0000000 0.0000000 0.0000000
  44   22 2214 0.1302454 0.0114109 -0.0094236 0.1310835 0.0000000 0.0000000 0.0000000
  45   11    0 0.0658692 -0.3703432 8.0596046 8.0683775 0.0000000 0.0000000 0.0000000
  45   22  111 -0.2412798 0.2242479 0.1642290 0.3680683 0.0000000 0.0000000 0.0000000
  45   22  111 -0.5384706 0.2783237 0.3956614 0.7238526 0.0000000 0.0000000 0.0000000
  45 2112 2114 0.5708541 0.0735463 1.7857496 2.0983405 0.0000000 0.0000000 0.0000000
  45   22 2114 0.0434624 -0.2700042 0.6311120 0.6878179 0.0000000 0.0000000 0.0000000
  46   11    0 -0.0828288 0.3852270 8.7881517 8.7969809 0.0000000 0.0000000 0.0000000
  46 2212    0 0.1296154 -0.7797987 0.8985118 1.5207289 0.0000000 0.0000000 0.0000000
  46 -211 -213 -0.2346525 0.4671408 1.0941921 1.2206666 0.0000000 0.0000000 0.0000000
  46   22 -213 0.2029097 -0.0898187 0.1709593 0.2801193 0.0000000 0.0000000 0.0000000
  46   22 -213 0.0455231 0.0297258 0.1114135 0.1239716 0.0000000 0.0000000 0.0000000
  47   11    0 -0.0108916 -0.3507888 9.1038046 9.1105661 0.0000000 0.0000000 0.0000000
  47  211  223 0.2051273 0.0693310 0.2722377 0.3748140 0.0000000 0.0000000 0.0000000
  47 -211  223 -0.1876989 -0.1039905 0.5106783 0.5712489 0.0000000 0.0000000 0.0000000
  47 2212 2214 -0.1535026 0.4198234 0.9292713 1.3941904 0.0000000 0.0000000 0.0000000
  47   22  223 -0.1057526 0.0584871 -0.0067539 0.1210370 0.0000000 0.0000000 0.0000000
  47   22  223 0.0365761 0.0162097 0.0292049 0.0495328 0.0000000 0.0000000 0.0000000
  47   22 2214 0.1754371 -0.0896524 0.1535683 0.2497978 0.0000000 0.0000000 0.0000000
  47   22 2214 0.0648490 0.0185828 -0.0113114 0.0684007 0.0000000 0.0000000 0.0000000
  48   11    0 0.3667341 0.0206204 2.4153717 2.4431412 0.0000000 0.0000000 0.0000000
  48 2212    0 -0.5374328 0.0461108 0.6027468 1.2388183 0.0000000 0.0000000 0.0000000
  48 -321   92 0.1879882 -0.1654401 7.7031021 7.7229614 0.0000000 0.0000000 0.0000000
  48  130  311 0.0100155 0.0417269 0.4178959 0.6512941 0.0000000 0.0000000 0.0000000
  49   11    0 0.1597191 -0.0331530 0.4357902 0.4653200 0.0000000 0.0000000 0.0000000
  49  211   92 -0.0290383 -0.0548755 -0.0818253 0.1733157 0.0000000 0.0000000 0.0000000
  49 -211   92 -0.2738631 -0.2932597 0.7838397 0.8915688 0.0000000 0.0000000 0.0000000
  49  211  221 -0.0130588 0.1359667 1.7640257 1.7748048 0.0000000 0.0000000 0.0000000
  49 -211  221 -0.0783323 0.1448688 3.1590996 3.1664684 0.0000000 0.0000000 0.0000000
  49 2112 2114 0.1959914 -0.1710028 1.2667710 1.5985029 0.0000000 0.0000000 0.0000000
  49   22  221 0.0264290 -0.0447992 0.4347648 0.4378651 0.0000000 0.0000000 0.0000000
  49   22  221 0.0205101 0.0034890 3.0535946 3.0536654 0.0000000 0.0000000 0.0000000
  49   22 2114 0.0210993 0.2402682 0.1032205 0.2623518 0.0000000 0.0000000 0.0000000
  49   22 2114 -0.0408931 0.0503770 0.0948029 0.1148812 0.0000000 0.0000000 0.0000000
  50   11    0 0.4320238 -1.0308276 4.3972158 4.5370426 0.0000000 0.0000000 0.0000000
  50 -211   92 0.1291999 -0.3498478 0.0150070 0.3984967 0.0000000 0.0000000 0.0000000
  50  211  213 0.0331380 -0.0424956 0.2644024 0.3038104 0.0000000 0.0000000 0.0000000
  50 2112 2214 0.0602564 0.8813244 3.2257569 3.4740062 0.0000000 0.0000000 0.0000000
  50  211 2214 -0.1292289 0.1188562 1.2877406 1.3071307 0.0000000 0.0000000 0.0000000
  50   22  213 -0.5115216 0.3929572 1.7704077 1.8842540 0.0000000 0.0000000 0.0000000
  50   22  213 -0.0240299 0.0100055 0.0218797 0.0340039 0.0000000 0.0000000 0.0000000
  51   11    0 0.1932739 -0.2649073 9.0732670 9.0791903 0.0000000 0.0000000 0.0000000
  51 2112    0 0.4530959 0.5344110 0.5046843 1.2761056 0.0000000 0.0000000 0.0000000
  51 -211  113 0.0844945 -0.2697864 0.2711390 0.4158467 0.0000000 0.0000000 0.0000000
  51  211  113 -0.6940513 -0.1483813 0.9565520 1.1992514 0.0000000 0.0000000 0.0000000
  52   11    0 -0.1323342 -0.2523480 8.4212952 8.4261141 0.0000000 0.0000000 0.0000000
  52 2112    0 -0.1110276 -0.2178654 0.3184010 1.0217727 0.0000000 0.0000000 0.0000000
  52  211  223 -0.1033836 0.1093760 0.2347076 0.3118126 0.0000000 0.0000000 0.0000000
  52 -211  223 0.1551763 0.1493335 1.6003579 1.6208066 0.0000000 0.0000000 0.0000000
  52   22  223 0.1705938 0.2274365 0.4513575 0.5334353 0.0000000 0.0000000 0.0000000
  52   22  223 -0.0070188 -0.0144210 0.0203854 0.0259382 0.0000000 0.0000000 0.0000000
  53   11    0 0.1695392 -0.3342301 9.0046015 9.0123968 0.0000000 0.0000000 0.0000000
  53 -211    0 -0.0402754 0.6395184 1.3483434 1.4993745 0.0000000 0.0000000 0.0000000
  53 2212 2214 -0.3292161 -0.2047291 0.5775179 1.1680031 0.0000000 0.0000000 0.0000000
  53   22 2214 0.0615628 0.0267757 -0.0294588 0.0733126 0.0000000 0.0000000 0.0000000
  53   22 2214 0.1449894 -0.1056075 0.0517413 0.1866870 0.0000000 0.0000000 0.0000000
  54   11    0 0.4856955 -0.5434539 6.1202750 6.1635222 0.0000000 0.0000000 0.0000000
  54 2112 2114 -0.2493695 0.1970587 1.2966973 1.6325713 0.0000000 0.0000000 0.0000000
  54  321   92 -0.1985893 0.4604883 0.4362351 0.8279064 0.0000000 0.0000000 0.0000000
  54 -321   92 0.0773674 0.0799487 2.9161963 2.9597666 0.0000000 0.0000000 0.0000000
  54   22 2114 -0.1243002 -0.0952273 0.1357381 0.2072284 0.0000000 0.0000000 0.0000000
  54   22 2114 -0.0085958 -0.0777900 0.2040065 0.2185036 0.0000000 0.0000000 0.0000000
  55   11    0 0.3548473 0.0292130 8.3056250 8.3132534 0.0000000 0.0000000 0.0000000
  55 2112 1114 0.4562210 0.2332735 1.6244670 1.9453266 0.0000000 0.0000000 0.0000000
  55 -211 1114 -0.0036206 -0.0509068 0.1765700 0.2308024 0.0000000 0.0000000 0.0000000
  55  211  213 -0.1839268 -0.4150518 0.3723491 0.6035139 0.0000000 0.0000000 0.0000000
  55   22  213 -0.0819206 -0.0026981 0.1120890 0.1388604 0.0000000 0.0000000 0.0000000
  55   22  213 -0.5224329 0.2280672 0.4182943 0.7070509 0.0000000 0.0000000 0.0000000
  56   11    0 -0.3348047 -0.0188985 6.7531099 6.7614307 0.0000000 0.0000000 0.0000000
  56  211   92 0.0561825 0.1354732 3.5634882 3.5692360 0.0000000 0.0000000 0.0000000
  56 2112   92 0.3973513 -0.4172777 0.2677232 1.1342542 0.0000000 0.0000000 0.0000000
  56   22  111 -0.0153993 0.1799705 0.3319602 0.3779207 0.0000000 0.0000000 0.0000000
  56   22  111 -0.0666477 0.0210205 0.0736341 0.1015173 0.0000000 0.0000000 0.0000000
  57   11    0 -1.1140708 0.1610352 6.5751834 6.6708412 0.0000000 0.0000000 0.0000000
  57   22  111 1.2503667 0.3047125 1.5176713 1.9898727 0.0000000 0.0000000 0.0000000
  57   22  111 0.1857335 0.0273431 0.3044406 0.3576711 0.0000000 0.0000000 0.0000000
  57 2112 2214 -0.3140809 -0.3606324 2.0563507 2.3108718 0.0000000 0.0000000 0.0000000
  57  211 2214 0.1033851 -0.0697539 0.5897049 0.6187035 0.0000000 0.0000000 0.0000000
  58   11    0 -0.1627125 0.2521034 2.1414390 2.1623580 0.0000000 0.0000000 0.0000000
  58 2112   92 0.2871023 0.0036859 0.3964945 1.0594802 0.0000000 0.0000000 0.0000000
  58 -211  223 -0.0340770 0.0646407 0.0919639 0.1824423 0.0000000 0.0000000 0.0000000
  58  211  223 0.1568608 0.1312149 1.2903491 1.3138919 0.0000000 0.0000000 0.0000000
  58  211  213 -0.1448654 0.1256812 0.6109383 0.6553743 0.0000000 0.0000000 0.0000000
  58   22  223 0.0146414 -0.1712402 0.6525415 0.6747948 0.0000000 0.0000000 0.0000000
  58   22  223 0.0289707 0.0013410 0.0260502 0.0389835 0.0000000 0.0000000 0.0000000
  58   22  213 -0.1167014 -0.2794344 2.4294043 2.4482050 0.0000000 0.0000000 0.0000000
  58   22  213 -0.1048488 -0.2419604 3.4034555 3.4136562 0.0000000 0.0000000 0.0000000
  59   11    0 0.4273494 1.1237100 5.6108084 5.7381639 0.0000000 0.0000000 0.0000000
  59 2112 2114 -0.0847497 -0.6341723 3.4270623 3.6106732 0.0000000 0.0000000 0.0000000
  59   22  111 -0.1580641 -0.1197689 -0.0808075 0.2141464 0.0000000 0.0000000 0.0000000
  59   22  111 -0.2802734 -0.0916468 0.0144485 0.2952307 0.0000000 0.0000000 0.0000000
  59   22 2114 0.1035524 -0.2626130 1.8444098 1.8658875 0.0000000 0.0000000 0.0000000
  59   22 2114 0.0564996 -0.0387947 0.2058399 0.2169501 0.0000000 0.0000000 0.0000000
  60   11    0 0.3363264 -0.1788943 8.8108644 8.8190956 0.0000000 0.0000000 0.0000000
  60 2212    0 -0.5529646 0.4763259 0.4357804 1.2660836 0.0000000 0.0000000 0.0000000
  60   22  221 0.3899659 -0.0285760 0.9657655 1.0419180 0.0000000 0.0000000 0.0000000
  60   22  221 -0.1128707 -0.2669058 0.7601959 0.8135577 0.0000000 0.0000000 0.0000000
  61   11    0 -0.6546906 0.9577457 7.7039351 7.7907968 0.0000000 0.0000000 0.0000000
  61 -211 -213 0.2554135 -0.1144377 0.3386669 0.4609940 0.0000000 0.0000000 0.0000000
  61 2212 2224 0.0679482 0.0200415 0.7546898 1.2062265 0.0000000 0.0000000 0.0000000
  61  211 2224 0.1613426 -0.0834328 0.1052615 0.2521123 0.0000000 0.0000000 0.0000000
  61   22 -213 0.0276578 -0.2884685 0.8487718 0.8968794 0.0000000 0.0000000 0.0000000
  61   22 -213 0.1977714 -0.4697089 1.2320871 1.3333336 0.0000000 0.0000000 0.0000000
  62   11    0 0.3215671 -0.1288974 7.6447444 7.6525903 0.0000000 0.0000000 0.0000000
  62 2112    0 -0.1879353 0.0620398 0.8951755 1.3127666 0.0000000 0.0000000 0.0000000
  62 -211   92 0.0624281 0.3149075 -0.0814129 0.3594164 0.0000000 0.0000000 0.0000000
  62  211  213 0.0259972 -0.2262336 0.9128919 0.9511662 0.0000000 0.0000000 0.0000000
  62   22  213 -0.0868128 -0.0930955 1.1737199 1.1806022 0.0000000 0.0000000 0.0000000
  62   22  213 -0.0954278 0.0289543 0.5246096 0.5340038 0.0000000 0.0000000 0.0000000
  63   11    0 0.2920025 -0.0259246 8.0780039 8.0833216 0.0000000 0.0000000 0.0000000
  63 2212    0 0.2404974 -0.8028746 1.5392892 1.9880303 0.0000000 0.0000000 0.0000000
  63  211  223 -0.0254387 -0.0332718 0.1402570 0.2022729 0.0000000 0.0000000 0.0000000
  63 -211  223 -0.1983415 0.4593661 0.9214588 1.0577954 0.0000000 0.0000000 0.0000000
  63   22  223 -0.0749132 0.0343939 0.0243363 0.0859487 0.0000000 0.0000000 0.0000000
  63   22  223 -0.2082197 0.3715864 0.3005392 0.5213019 0.0000000 0.0000000 0.0000000
  64   11    0 -0.2355955 0.2404211 8.6972828 8.7037945 0.0000000 0.0000000 0.0000000
  64 -211    0 -0.2624516 0.1267223 2.0037735 2.0296638 0.0000000 0.0000000 0.0000000
  64 2212    0 0.5267755 -0.4578802 0.3096485 1.2097256 0.0000000 0.0000000 0.0000000
  65   11    0 0.3065527 -0.1646714 7.9120374 7.9196863 0.0000000 0.0000000 0.0000000
  65  211 3224 0.1954351 0.0981013 0.1919910 0.3227498 0.0000000 0.0000000 0.0000000
  65   22  313 -0.1152459 -0.1340999 0.3546223 0.3962592 0.0000000 0.0000000 0.0000000
  65   22  313 -0.0833202 -0.1731213 0.7871177 0.8102268 0.0000000 0.0000000 0.0000000
  65 2212 3224 -0.2570944 0.3600748 1.1233709 1.5290914 0.0000000 0.0000000 0.0000000
  65 -211 3224 0.0521213 0.1262800 0.1751370 0.2623441 0.0000000 0.0000000 0.0000000
  65   22  310 -0.0020157 0.0610057 0.0555722 0.0825471 0.0000000 0.0000000 0.0000000
  65   22  310 -0.1577384 0.0260231 0.0509961 0.1678070 0.0000000 0.0000000 0.0000000
  65   22  310 -0.0203642 -0.0853396 0.0677374 0.1108418 0.0000000 0.0000000 0.0000000
  65   22  310 0.1078645 -0.1228645 0.2949771 0.3372564 0.0000000 0.0000000 0.0000000
  66   11    0 0.0412313 0.2845706 8.7132301 8.7179737 0.0000000 0.0000000 0.0000000
  66 2112    0 -0.3871701 0.3664531 2.2492008 2.4951835 0.0000000 0.0000000 0.0000000
  66   22  111 0.1434480 -0.4928074 0.1384728 0.5316119 0.0000000 0.0000000 0.0000000
  66   22  111 0.1309519 -0.1536798 0.0533032 0.2088231 0.0000000 0.0000000 0.0000000
  67   11    0 -1.0991571 0.2656897 6.8636937 6.9562221 0.0000000 0.0000000 0.0000000
  67 2112 2214 0.3236260 -0.2403840 0.5540249 1.1628885 0.0000000 0.0000000 0.0000000
  67  211 2214 -0.0493442 0.1747745 0.3476476 0.4163268 0.0000000 0.0000000 0.0000000
  67   22  221 0.1256730 -0.0321466 1.1418386 1.1491834 0.0000000 0.0000000 0.0000000
  67   22  221 0.0338368 -0.0037703 0.0449007 0.0563491 0.0000000 0.0000000 0.0000000
  67   22  221 0.2995529 -0.0376664 0.9006509 0.9499067 0.0000000 0.0000000 0.0000000
  67   22  221 0.1846193 -0.0997908 0.4113775 0.4618160 0.0000000 0.0000000 0.0000000
  67   22  221 0.0025825 0.0225246 0.0176440 0.0287286 0.0000000 0.0000000 0.0000000
  67   22  221 0.1506795 -0.0364138 0.7416536 0.7576810 0.0000000 0.0000000 0.0000000
  68   11    0 -0.3605253 -0.3101903 8.2421341 8.2558441 0.0000000 0.0000000 0.0000000
  68   22 3212 0.0670869 -0.0237051 -0.0174515 0.0732608 0.0000000 0.0000000 0.0000000
  68 -211  311 0.0082082 -0.0682557 1.6905192 1.6976658 0.0000000 0.0000000 0.0000000
  68  211  311 -0.1579255 0.1131075 0.5023226 0.5563721 0.0000000 0.0000000 0.0000000
  68 2212 3212 0.2614987 0.2937613 0.4395089 1.1082655 0.0000000 0.0000000 0.0000000
  68 -211 3212 0.1507269 0.0066493 0.1378434 0.2474910 0.0000000 0.0000000 0.0000000
  69   11    0 -0.3236726 -0.0548038 8.0740461 8.0807171 0.0000000 0.0000000 0.0000000
  69 2212    0 -0.4644075 0.6771253 0.8314192 1.4986119 0.0000000 0.0000000 0.0000000
  69  211  113 0.4413941 -0.2589774 0.5066624 0.7335483 0.0000000 0.0000000 0.0000000
  69 -211  113 0.3371169 -0.3598332 1.5436875 1.6265260 0.0000000 0.0000000 0.0000000
  70   11    0 0.2482756 -0.1875098 7.5560832 7.5624862 0.0000000 0.0000000 0.0000000
  70 2112 2114 0.2756518 -0.4985342 1.8356942 2.1394255 0.0000000 0.0000000 0.0000000
  70  211  213 -0.2422288 0.8189293 1.4605826 1.6976776 0.0000000 0.0000000 0.0000000
  70   22 2114 -0.0228836 0.0002225 -0.0189998 0.0297439 0.0000000 0.0000000 0.0000000
  70   22 2114 -0.1748705 -0.1585467 0.2020040 0.3106805 0.0000000 0.0000000 0.0000000
  70   22  213 -0.0522156 -0.0657669 -0.0114172 0.0847473 0.0000000 0.0000000 0.0000000
  70   22  213 -0.0809768 0.0630151 -0.0535205 0.1157264 0.0000000 0.0000000 0.0000000
  71   11    0 -0.1777632 0.2325995 8.6028843 8.6078644 0.0000000 0.0000000 0.0000000
  71 -211    0 0.1233893 -0.3539025 -0.2095198 0.4515072 0.0000000 0.0000000 0.0000000
  71 2212 2214 0.0017532 0.0484717 1.2116203 1.5332264 0.0000000 0.0000000 0.0000000
  71   22 2214 0.0725952 0.0064929 0.8374240 0.8405898 0.0000000 0.0000000 0.0000000
  71   22 2214 -0.0446461 0.0601287 0.5015746 0.5071350 0.0000000 0.0000000 0.0000000
  72   11    0 0.3233491 -0.0286542 6.7242985 6.7321291 0.0000000 0.0000000 0.0000000
  72 2112    0 -0.1380897 0.0537117 0.0380262 0.9519700 0.0000000 0.0000000 0.0000000
  72  211    0 -0.1787583 -0.0134010 4.3394489 4.3453927 0.0000000 0.0000000 0.0000000
  73   11    0 -0.3171557 0.3238234 8.4238491 8.4360342 0.0000000 0.0000000 0.0000000
  73   22  111 0.0096123 0.4450606 1.4102206 1.4788148 0.0000000 0.0000000 0.0000000
  73   22  111 0.0371418 0.0727426 0.1432188 0.1648716 0.0000000 0.0000000 0.0000000
  73 2212 2214 0.0342586 -0.5605315 0.8143863 1.3634520 0.0000000 0.0000000 0.0000000
  73   22 2214 0.2182656 -0.1069263 0.1035111 0.2641735 0.0000000 0.0000000 0.0000000
  73   22 2214 0.0987506 -0.1403363 0.1632688 0.2368600 0.0000000 0.0000000 0.0000000
  74   11    0 0.3269448 -0.1437323 6.6290388 6.6386528 0.0000000 0.0000000 0.0000000
  74 2212    0 0.2388642 -0.0519172 0.6243119 1.1532234 0.0000000 0.0000000 0.0000000
  74  211   92 -0.1279993 0.1093659 -0.0660035 0.2284500 0.0000000 0.0000000 0.0000000
  74 -211 -213 -0.0288020 -0.1157306 2.7167416 2.7229388 0.0000000 0.0000000 0.0000000
  74   22 -213 -0.2022598 0.1537047 0.6348777 0.6838157 0.0000000 0.0000000 0.0000000
  74   22 -213 -0.2331895 0.0220909 0.5394769 0.5881332 0.0000000 0.0000000 0.0000000
  75   11    0 -0.3082517 0.3021305 7.9606543 7.9723473 0.0000000 0.0000000 0.0000000
  75 2212    0 0.2119227 -1.0400774 2.7955182 3.1340072 0.0000000 0.0000000 0.0000000
  75   22  111 0.1644713 0.2523868 0.0721836 0.3097745 0.0000000 0.0000000 0.0000000
  75   22  111 0.1498643 0.4731592 0.2355108 0.5493671 0.0000000 0.0000000 0.0000000
  76   11    0 -0.2778533 0.3038332 6.6226645 6.6354504 0.0000000 0.0000000 0.0000000
  76 2212    0 0.0845717 -0.1771550 0.5561243 1.1082495 0.0000000 0.0000000 0.0000000
  76   22  111 0.0148916 -0.0030512 0.8850532 0.8851837 0.0000000 0.0000000 0.0000000
  76   22  111 0.2738404 -0.1345745 3.1154554 3.1303611 0.0000000 0.0000000 0.0000000
  76   22  111 -0.0842207 -0.0068723 -0.1552644 0.1767701 0.0000000 0.0000000 0.0000000
  76   22  111 -0.0563350 -0.0391441 0.0117437 0.0695976 0.0000000 0.0000000 0.0000000
  77   11    0 0.1511423 -0.2575221 8.3931837 8.3984938 0.0000000 0.0000000 0.0000000
  77 2212    0 0.6063627 0.4100157 0.7516702 1.4075524 0.0000000 0.0000000 0.0000000
  77 -211  223 -0.3744374 -0.1977467 0.4544955 0.6366801 0.0000000 0.0000000 0.0000000
  77  211  223 -0.1310647 -0.1144356 0.8207494 0.8505241 0.0000000 0.0000000 0.0000000
  77   22  223 -0.2922019 0.1600118 0.5145108 0.6129496 0.0000000 0.0000000 0.0000000
  77   22  223 0.0148031 0.0018854 0.0295886 0.0331387 0.0000000 0.0000000 0.0000000
  78   11    0 0.8110294 0.0260294 6.4653640 6.5160861 0.0000000 0.0000000 0.0000000
  78 2112    0 -0.4801039 0.3521799 1.0824739 1.5521368 0.0000000 0.0000000 0.0000000
  78  211  213 -0.1461754 -0.5174163 1.1642544 1.2899858 0.0000000 0.0000000 0.0000000
  78 -211  113 -0.2022533 -0.0822407 1.3521122 1.3767227 0.0000000 0.0000000 0.0000000
  78  211  113 0.3310382 -0.0140203 0.4419342 0.5697164 0.0000000 0.0000000 0.0000000
  78   22  213 -0.0241364 0.0244377 0.0027322 0.0344562 0.0000000 0.0000000 0.0000000
  78   22  213 -0.3182938 0.1908727 0.5538726 0.6667220 0.0000000 0.0000000 0.0000000
  79   11    0 -0.1997862 -0.2320359 3.2952156 3.3094110 0.0000000 0.0000000 0.0000000
  79 2212 2224 0.6275336 -0.0532577 2.1986315 2.4720480 0.0000000 0.0000000 0.0000000
  79  211 2224 -0.0439253 0.0458019 0.0385639 0.1581219 0.0000000 0.0000000 0.0000000
  79 -211   92 0.3082719 -0.1290406 0.4937722 0.6123579 0.0000000 0.0000000 0.0000000
  79  211   92 -0.2478468 -0.0817712 3.9518337 3.9629021 0.0000000 0.0000000 0.0000000
  79 -211 -213 -0.2333750 0.0187538 0.9936880 1.0303978 0.0000000 0.0000000 0.0000000
  79   22 -213 -0.1104799 0.1397432 0.0387773 0.1823121 0.0000000 0.0000000 0.0000000
  79   22 -213 -0.0145629 0.2602913 0.1024974 0.2801238 0.0000000 0.0000000 0.0000000
  80   11    0 0.3702297 -0.5310177 7.0408025 7.0704985 0.0000000 0.0000000 0.0000000
  80 -211 -213 0.1729771 0.3241956 0.4275223 0.5807645 0.0000000 0.0000000 0.0000000
  80 2212 2224 -0.3325168 -0.1023457 0.8623952 1.3210505 0.0000000 0.0000000 0.0000000
  80  211 2224 0.2912721 0.1282346 0.2406633 0.4227180 0.0000000 0.0000000 0.0000000
  80   22  111 -0.0144330 0.1227305 0.1471959 0.1921918 0.0000000 0.0000000 0.0000000
  80   22  111 -0.0318080 0.1939636 0.6098163 0.6407102 0.0000000 0.0000000 0.0000000
  80   22 -213 -0.1328641 -0.0232055 0.6112830 0.6259858 0.0000000 0.0000000 0.0000000
  80   22 -213 -0.2163682 -0.2176248 1.0524420 1.0962709 0.0000000 0.0000000 0.0000000
  81   11    0 -0.1681274 0.3147235 8.8695688 8.8767433 0.0000000 0.0000000 0.0000000
  81   22  111 -0.0391571 -0.0284963 -0.1988232 0.2046364 0.0000000 0.0000000 0.0000000
  81  -11  111 -0.0138518 -0.0641710 -0.0504307 0.0827846 0.0000000 0.0000000 0.0000000
  82   11  111 -0.0140718 -0.0646982 -0.0509895 0.0835707 0.0000000 0.0000000 0.0000000
  82 2212 2214 0.3268067 -0.2875352 2.0749006 2.3184259 0.0000000 0.0000000 0.0000000
  82   22 2214 -0.0276697 0.2020160 0.2771802 0.3441001 0.0000000 0.0000000 0.0000000
  82   22 2214 -0.0156197 -0.0198969 0.0204392 0.0325212 0.0000000 0.0000000 0.0000000
  83   11    0 0.1803299 0.3586054 8.9219580 8.9309826 0.0000000 0.0000000 0.0000000
  83 2112    0 0.4482528 0.1533671 0.7068479 1.2676492 0.0000000 0.0000000 0.0000000
  83  211  213 -0.2523376 0.0394183 0.7988246 0.8501982 0.0000000 0.0000000 0.0000000
  83   22  213 -0.2518814 -0.3087808 0.2397570 0.4650518 0.0000000 0.0000000 0.0000000
  83   22  213 -0.1548172 -0.2398816 0.3149457 0.4250910 0.0000000 0.0000000 0.0000000
  84   11    0 -0.1156196 -0.4580717 8.8911629 8.9037056 0.0000000 0.0000000 0.0000000
  84 2212    0 0.2054050 0.4613385 0.3567432 1.1236978 0.0000000 0.0000000 0.0000000
  84 -211  223 -0.2405135 0.2354778 0.7233816 0.8099788 0.0000000 0.0000000 0.0000000
  84  211  223 -0.0319733 -0.0819260 0.7168522 0.7355946 0.0000000 0.0000000 0.0000000
  84   22  223 0.0048217 -0.0759672 0.0705139 0.1037616 0.0000000 0.0000000 0.0000000
  84   22  223 0.1285236 -0.0194734 0.2308424 0.2649259 0.0000000 0.0000000 0.0000000
  85   11    0 0.1206947 0.3374623 7.4780087 7.4865923 0.0000000 0.0000000 0.0000000
  85 -211    0 -0.2018175 0.2666891 3.2801437 3.3001039 0.0000000 0.0000000 0.0000000
  85 2212    0 0.0770683 -0.6050707 0.2739137 1.1521654 0.0000000 0.0000000 0.0000000
  86   11    0 -0.3267098 -0.0264139 9.0137835 9.0197411 0.0000000 0.0000000 0.0000000
  86 2212 2224 -0.2148378 0.1830993 0.9252364 1.3476461 0.0000000 0.0000000 0.0000000
  86  211 2224 0.0848014 -0.1001790 0.1949995 0.2733863 0.0000000 0.0000000 0.0000000
  86 -211 -213 0.1671701 -0.3430287 0.0293220 0.4073849 0.0000000 0.0000000 0.0000000
  86   22 -213 0.1515983 0.1782491 0.3544489 0.4247220 0.0000000 0.0000000 0.0000000
  86   22 -213 0.0982238 0.0868326 0.4483479 0.4671228 0.0000000 0.0000000 0.0000000
  87   11    0 -0.1336927 0.3671652 8.9201832 8.9287367 0.0000000 0.0000000 0.0000000
  87 2212    0 -0.1856916 0.4060048 1.0208759 1.4566798 0.0000000 0.0000000 0.0000000
  87 -211 -213 -0.1566141 -0.0522910 0.2194674 0.3080851 0.0000000 0.0000000 0.0000000
  87   22 -213 0.2037126 -0.3625582 0.3358697 0.5345612 0.0000000 0.0000000 0.0000000
  87   22 -213 0.2633030 -0.3661874 0.5502526 0.7114770 0.0000000 0.0000000 0.0000000
  88   11    0 -0.2288478 -0.2139148 9.1123714 9.1177549 0.0000000 0.0000000 0.0000000
  88 2112    0 0.1294974 -0.1634182 0.3132403 1.0121473 0.0000000 0.0000000 0.0000000
  88  211  213 -0.1908841 0.4515355 1.0440137 1.1617976 0.0000000 0.0000000 0.0000000
  88   22  213 0.1885969 -0.1180926 0.3138097 0.3846962 0.0000000 0.0000000 0.0000000
  88   22  213 0.1179003 0.0288766 0.2325295 0.2623057 0.0000000 0.0000000 0.0000000
  89   11    0 0.1586321 -0.3205218 8.8688211 8.8760290 0.0000000 0.0000000 0.0000000
  89   22  111 0.4276565 0.1002895 1.0296254 1.1194091 0.0000000 0.0000000 0.0000000
  90   11  111 0.1019937 -0.0266669 0.1592464 0.1909804 0.0000000 0.0000000 0.0000000
  90  -11  111 0.0109426 0.0017574 0.0208708 0.0236364 0.0000000 0.0000000 0.0000000
  90 2112 2114 -0.5493678 0.1082879 0.9814314 1.4695534 0.0000000 0.0000000 0.0000000
  90   22 2114 -0.0754677 0.0721337 0.0455274 0.1138920 0.0000000 0.0000000 0.0000000
  90   22 2114 -0.1013264 0.0536585 -0.0894078 0.1453962 0.0000000 0.0000000 0.0000000
  91   11    0 -0.3245987 0.0292941 9.1682949 9.1740856 0.0000000 0.0000000 0.0000000
  91 2112    0 -0.2681238 -0.5624434 1.6612434 2.0076880 0.0000000 0.0000000 0.0000000
  91  211    0 0.5878605 0.4551308 0.0970112 0.7626423 0.0000000 0.0000000 0.0000000
  92   11    0 -0.3015037 -0.1010859 8.3527155 8.3587666 0.0000000 0.0000000 0.0000000
  92 2212    0 0.4945252 0.8736717 1.9277698 2.3673954 0.0000000 0.0000000 0.0000000
  92   22  221 0.0247529 0.0162927 0.0773094 0.0827944 0.0000000 0.0000000 0.0000000
  92   22  221 -0.0102405 -0.1750235 0.2445168 0.3008764 0.0000000 0.0000000 0.0000000
  92   22  221 0.0130244 -0.1137387 0.0416945 0.1218383 0.0000000 0.0000000 0.0000000
  92   22  221 -0.1818194 -0.3298212 0.2336579 0.4432114 0.0000000 0.0000000 0.0000000
  92   22  221 0.0167130 -0.1103865 0.1620711 0.1968034 0.0000000 0.0000000 0.0000000
  92   22  221 0.0014926 -0.0661627 -0.0181222 0.0686159 0.0000000 0.0000000 0.0000000
  93   11    0 -0.2335657 -0.3301846 6.9601617 6.9719024 0.0000000 0.0000000 0.0000000
  93 2212 2224 0.0112069 0.0728519 0.5366272 1.0834244 0.0000000 0.0000000 0.0000000
  93  211 2224 0.1740018 -0.0439564 0.4587427 0.5119979 0.0000000 0.0000000 0.0000000
  93 -211   92 -0.3057669 0.2460919 0.0615956 0.4211141 0.0000000 0.0000000 0.0000000
  93 -211  113 0.5974105 -0.0917081 1.9353415 2.0323248 0.0000000 0.0000000 0.0000000
  93  211  113 -0.2382438 0.1384074 0.9355001 0.9851727 0.0000000 0.0000000 0.0000000
  94   11    0 -0.0175456 0.5675278 8.2129440 8.2325478 0.0000000 0.0000000 0.0000000
  94 2212    0 -0.6059263 -0.3729688 2.3214252 2.6030126 0.0000000 0.0000000 0.0000000
  94  211  223 0.4054320 -0.3367712 -0.0100918 0.5453250 0.0000000 0.0000000 0.0000000
  94 -211  223 0.2115004 0.1926742 0.4594233 0.5589398 0.0000000 0.0000000 0.0000000
  95   11    0 0.3116627 0.1415218 8.6014500 8.6082582 0.0000000 0.0000000 0.0000000
  95  211    0 -0.1758937 0.8813125 0.8451021 1.2415056 0.0000000 0.0000000 0.0000000
  95 2112    0 -0.1514053 -1.0592098 1.5294054 2.0896838 0.0000000 0.0000000 0.0000000
  96   11    0 -0.3116510 -0.1332854 8.1667032 8.1737347 0.0000000 0.0000000 0.0000000
  96 -211  223 0.2043748 0.2803811 0.5029022 0.6267228 0.0000000 0.0000000 0.0000000
  96  211  223 -0.2160732 0.3927766 0.4870363 0.6765010 0.0000000 0.0000000 0.0000000
  96 2212 2114 0.1312903 -0.5195010 1.8044928 2.1032641 0.0000000 0.0000000 0.0000000
  96 -211 2114 0.1651484 0.0093783 0.0040758 0.2164873 0.0000000 0.0000000 0.0000000
  96   22  223 -0.0467375 0.0167106 -0.0175305 0.0526399 0.0000000 0.0000000 0.0000000
  96   22  223 0.0610795 -0.0452380 0.0464173 0.0890604 0.0000000 0.0000000 0.0000000
  97   11    0 0.5808575 0.3148780 8.5821171 8.6075134 0.0000000 0.0000000 0.0000000
  97   22  111 0.1783457 0.0599769 0.1404280 0.2347859 0.0000000 0.0000000 0.0000000
  97   22  111 0.3063476 0.0707529 0.0474524 0.3179724 0.0000000 0.0000000 0.0000000
  97 2212 2214 -0.7080417 -0.2717574 1.0542603 1.6022005 0.0000000 0.0000000 0.0000000
  97   22 2214 -0.3227238 -0.2058974 0.9121760 0.9892469 0.0000000 0.0000000 0.0000000
  97   22 2214 -0.0834979 0.0155595 0.1726199 0.1923841 0.0000000 0.0000000 0.0000000
  98   11    0 -0.1432054 -0.4009501 7.2586451 7.2711205 0.0000000 0.0000000 0.0000000
  98 2212    0 -0.5067909 0.9353172 1.1821327 1.8464831 0.0000000 0.0000000 0.0000000
  98 -211 -213 0.1794507 -0.4179502 1.9997046 2.0555270 0.0000000 0.0000000 0.0000000
  98   22 -213 0.1588649 -0.0000095 0.2718859 0.3148968 0.0000000 0.0000000 0.0000000
  98   22 -213 0.3063605 -0.1160722 0.3092849 0.4505405 0.0000000 0.0000000 0.0000000
  99   11    0 0.1256201 0.6055143 8.2519312 8.2750711 0.0000000 0.0000000 0.0000000
  99  211  323 0.1160361 -0.3166838 1.4366601 1.4823068 0.0000000 0.0000000 0.0000000
  99 2112 3122 -0.0599998 -0.3755277 0.0097781 1.0136887 0.0000000 0.0000000 0.0000000
  99  130  323 -0.1164568 0.0023383 0.8855380 1.0224727 0.0000000 0.0000000 0.0000000
  99   22 3122 -0.0192449 -0.0730229 -0.0101892 0.0762006 0.0000000 0.0000000 0.0000000
  99   22 3122 -0.0442535 -0.0183669 0.1229189 0.1319271 0.0000000 0.0000000 0.0000000
 100   11    0 -0.1543055 0.2550460 9.0332117 9.0381289 0.0000000 0.0000000 0.0000000
 100 2112 2114 0.5190020 -0.2963504 1.5690650 1.9240581 0.0000000 0.0000000 0.0000000
 100   22  221 -0.0177361 0.0958718 0.0172396 0.0990110 0.0000000 0.0000000 0.0000000
 100   22  221 -0.0524350 -0.0385540 0.0105123 0.0659268 0.0000000 0.0000000 0.0000000
 100   22  221 0.0763308 -0.1516301 0.1310369 0.2144498 0.0000000 0.0000000 0.0000000
 100   22  221 -0.0258329 -0.0141565 -0.0160076 0.0335259 0.0000000 0.0000000 0.0000000
 100   22  221 -0.0778495 0.0061590 0.0802233 0.1119566 0.0000000 0.0000000 0.0000000
 100   22  221 0.0043159 0.0645504 -0.0198977 0.0676853 0.0000000 0.0000000 0.0000000
 100   22 2114 -0.1001266 -0.0363988 0.0527913 0.1188998 0.0000000 0.0000000 0.0000000
 100   22 2114 -0.1390474 0.0710904 0.2196167 0.2694801 0.0000000 0.0000000 0.0000000
 101   11    0 -0.1970876 -0.1958309 1.8164836 1.8376089 0.0000000 0.0000000 0.0000000
 101  211  323 -0.0515363 0.0840165 0.0340816 0.1742539 0.0000000 0.0000000 0.0000000
 101  130 -311 0.5968500 -0.1441581 5.6048155 5.6602716 0.0000000 0.0000000 0.0000000
 101   22  111 -0.0493032 0.0326924 0.3710012 0.3756880 0.0000000 0.0000000 0.0000000
 101   22  111 -0.1745799 -0.0475644 0.4133289 0.4511998 0.0000000 0.0000000 0.0000000
 101 2112 1114 -0.1757661 0.1751745 0.4519004 1.0717473 0.0000000 0.0000000 0.0000000
 101 -211 1114 0.1156389 -0.0268104 0.6032829 0.6304994 0.0000000 0.0000000 0.0000000
 101   22  310 0.1296566 0.0387142 0.7341715 0.7465369 0.0000000 0.0000000 0.0000000
 101   22  310 0.0401537 -0.0192425 0.0483406 0.0657222 0.0000000 0.0000000 0.0000000
 101   22  310 -0.1642562 0.1128149 0.7719767 0.7972800 0.0000000 0.0000000 0.0000000
 101   22  310 -0.0655799 0.0483556 0.1020178 0.1305627 0.0000000 0.0000000 0.0000000
 102   11    0 0.6011859 0.3828165 8.5128460 8.5426292 0.0000000 0.0000000 0.0000000
 102 2112    0 0.5618346 -0.2184956 0.7953548 1.3707063 0.0000000 0.0000000 0.0000000
 102   22  111 -0.1465846 0.0252070 0.2400160 0.2823652 0.0000000 0.0000000 0.0000000
 102   22  111 -0.9742793 -0.1694212 1.4363964 1.7438917 0.0000000 0.0000000 0.0000000
 103   11    0 -0.3465363 0.0174440 9.1009502 9.1075621 0.0000000 0.0000000 0.0000000
 103 2212    0 0.7935389 0.1551297 1.0391207 1.6167709 0.0000000 0.0000000 0.0000000
 103 -211 -213 -0.4557706 0.1406189 0.5969038 0.7767128 0.0000000 0.0000000 0.0000000
 103   22 -213 0.0858012 -0.2631315 0.2502240 0.3731113 0.0000000 0.0000000 0.0000000
 103   22 -213 -0.0308497 -0.0561979 0.0124401 0.0653044 0.0000000 0.0000000 0.0000000
 104   11    0 0.0361921 -0.1632290 0.5036342 0.5306612 0.0000000 0.0000000 0.0000000
 104 -211   92 0.4058276 0.2513038 0.3381773 0.6014163 0.0000000 0.0000000 0.0000000
 104 2112   92 0.0128282 0.0494990 0.9512275 1.3380197 0.0000000 0.0000000 0.0000000
 104  211  213 -0.6158437 -0.0748463 2.3649299 2.4489276 0.0000000 0.0000000 0.0000000
 104 -211  223 0.1357167 -0.1484834 0.7648257 0.8030647 0.0000000 0.0000000 0.0000000
 104  211  223 -0.0166577 0.0419278 0.9517514 0.9629924 0.0000000 0.0000000 0.0000000
 104   22  213 0.2023343 -0.0784862 2.6729329 2.6817288 0.0000000 0.0000000 0.0000000
 104   22  213 0.0790883 0.0215275 2.1972268 2.1987553 0.0000000 0.0000000 0.0000000
 104   22  223 -0.0254111 -0.0417568 0.0647424 0.0811230 0.0000000 0.0000000 0.0000000
 104   22  223 -0.1863661 0.0864975 0.2101516 0.2939011 0.0000000 0.0000000 0.0000000
